10.840
11.277
12.075
15.103
12.967
14.800
19.950
22.105
15.777
13.344
12.408
12.665
11.351
11.550
14.058
13.873
14.099
15.367
20.250
23.639
16.372
13.922
12.921
13.325
11.654
12.105
13.011
16.079
14.223
14.902
20.057
23.209
16.450
14.074
12.333
13.301
11.582
11.820
12.529
15.702
13.655
14.325
20.344
22.416
15.752
13.478
12.058
13.250
11.179
11.778
13.834
14.162
13.788
14.782
21.194
22.439
16.209
13.839
12.886
13.925
12.067
12.491
13.111
16.788
14.241
15.502
20.422
22.147
16.234
13.838
12.303
13.077
11.659
11.856
13.100
17.685
13.849
15.321
19.892
23.124
16.136
13.942
12.656
13.189
11.585
12.788
15.507
14.565
15.046
15.685
20.761
24.624
17.142
14.941
13.653
14.608
12.758
13.913
14.962
18.235
16.326
17.299
23.152
27.060
18.939
17.233
15.549
16.032
13.835
15.059
16.947
19.287
18.253
19.175
25.720
28.739
20.839
18.884
16.882
17.740
15.289
16.845
18.404
22.249
19.579
21.554
27.980
30.901
23.503
19.815
18.088
18.875
17.155
18.392
19.512
24.402
20.768
23.146
28.886
32.599
24.118
21.318
19.475
19.167
17.674
19.302
22.673
21.983
22.245
23.607
29.724
34.417
24.724
22.116
20.441
20.149
17.618
18.571
20.091
24.232
22.108
23.963
29.103
33.897
24.318
21.273
19.496
20.057
18.000
19.059
19.883
23.485
21.338
23.018
28.653
31.624
23.477
21.818
19.630
20.232
17.501
19.025
22.422
21.514
22.723
23.855
29.735
32.018
24.226
21.587
20.293
20.514
18.577
20.278
21.643
25.669
23.565
24.992
30.841
31.633
24.629
22.652
20.816
21.109
18.921
20.117
21.668
23.508
21.793
23.594
28.676
30.855
23.787
22.023
20.870
19.592
18.329
19.529
21.876
20.567
21.122
21.634
27.040
29.851
21.711
19.580
17.789
17.904
15.546
17.046
17.835
20.920
19.628
20.845
26.054
28.451
20.331
19.022
17.116
17.215
15.131
16.494
18.284
20.122
19.200
20.413
25.604
27.479
19.978
18.561
16.854
16.995
14.779
16.240
16.313
19.489
17.343
19.595
24.803
25.819
19.504
17.033
15.351
15.677
13.903
14.171
15.377
17.307
16.146
17.747
21.860
23.290
17.067
15.066
13.832
13.762
12.414
12.799
14.859
14.684
15.476
16.741
20.575
23.790
16.798
14.927
13.863
13.901
12.508
13.077
13.823
17.016
15.583
16.979
20.780
24.590
17.115
15.466
14.079
14.771
13.085
13.858
15.180
17.544
16.922
17.868
22.660
25.767
17.968
16.743
15.030
15.700
13.959
14.855
17.717
16.462
17.503
18.907
24.691
26.511
19.320
17.426
15.911
16.260
14.554
15.641
16.633
20.252
18.262
20.116
25.129
26.909
20.254
18.210
16.545
17.015
15.423
15.972
17.925
19.074
19.054
20.350
25.235
27.642
20.951
19.011
17.615
17.263
16.202
17.275
18.371
21.270
19.623
22.022
25.950
28.740
21.206
19.423
18.226
18.280